Delta: 2hrs, pred
Learned Cutoff 0.5191TPR: 77.94, FPR: 0.20
TP: 53  FP: 9565
F1: 0.01094363

Default Cutoff 0.5000
TPR: 0.00, FPR: 0.00
TP: 0  FP: 1
F1: 0.00000000
Delta: 2.0hrs, pred
Learned Cutoff 0.5043TPR: 92.65, FPR: 2.78
TP: 63  FP: 132083
F1: 0.00095300

Default Cutoff 0.5000
TPR: 91.18, FPR: 2.68
TP: 62  FP: 127035
F1: 0.00097511
